%YAML:1.0
Homography_Matrix_0: !!opencv-matrix
   rows: 3
   cols: 3
   dt: d
   data: [ 1.4296377618877452e+000, 4.5525513247725052e-001,
       -2.4142006289643103e+002, -2.4190052365413153e-001,
       1.3370542480085155e+000, 4.1057660189228422e+001,
       -2.6423301476374958e-004, -4.8597029485337236e-004, 1. ]
Template_Image_Key_Points_0: [ 8.0326550292968750e+002,
    2.7590374755859375e+002, 3.6098468303680420e+000,
    1.8758140563964844e+002, 1.9466919824481010e-002, 393472, -1,
    8.1742144775390625e+002, 2.7464636230468750e+002,
    3.2750930786132813e+000, 1.8167785644531250e+002,
    1.6289915889501572e-002, 10028031, -1, 8.1742144775390625e+002,
    2.7464636230468750e+002, 3.2750930786132813e+000,
    8.7813964843750000e+001, 1.6289915889501572e-002, 10028031, -1,
    7.8981762695312500e+002, 2.8635577392578125e+002,
    2.5095202922821045e+000, 3.5223184204101562e+002,
    1.6549970954656601e-002, 7471871, -1, 8.0352569580078125e+002,
    2.9038296508789063e+002, 3.5573277473449707e+000,
    2.6962084960937500e+002, 1.9729861989617348e-002, 15991807, -1,
    7.8355163574218750e+002, 2.9503091430664062e+002,
    2.9592540264129639e+000, 2.6664923095703125e+002,
    1.8966035917401314e-002, 2687999, -1, 8.2171490478515625e+002,
    2.8818765258789062e+002, 2.8984193801879883e+000,
    1.7513781738281250e+002, 1.8751678988337517e-002, 1180671, -1,
    8.2746954345703125e+002, 2.9918362426757812e+002,
    2.9982135295867920e+000, 7.5365631103515625e+001,
    1.7907837405800819e-002, 3671039, -1, 8.3370831298828125e+002,
    3.0244534301757812e+002, 2.7867162227630615e+000,
    2.6640081787109375e+002, 1.9077941775321960e-002, 15074047, -1,
    7.6601885986328125e+002, 3.3466253662109375e+002,
    3.3018112182617187e+000, 8.7724121093750000e+001,
    2.0908260717988014e-002, 10617855, -1, 8.1404949951171875e+002,
    3.3514767456054687e+002, 3.3105733394622803e+000,
    1.3581457519531250e+002, 2.3399032652378082e-002, 10814463, -1,
    8.1404949951171875e+002, 3.3514767456054687e+002,
    3.3105733394622803e+000, 4.2938537597656250e+000,
    2.3399032652378082e-002, 10814463, -1, 2.2573855590820313e+002,
    4.8644714355468750e+002, 3.5207450389862061e+000,
    3.5780703735351562e+002, 3.4927219152450562e-002, 15270911, -1,
    5.4543414306640625e+002, 4.8785891723632812e+002,
    4.0068030357360840e+000, 2.7715084838867187e+002,
    4.0571164339780807e-002, 7930112, -1, 4.9520513916015625e+002,
    5.4679998779296875e+002, 2.7022230625152588e+000,
    2.7440670776367187e+002, 3.5336501896381378e-002, 12845823, -1,
    4.9520513916015625e+002, 5.4679998779296875e+002,
    2.7022230625152588e+000, 1.2094625854492187e+002,
    3.5336501896381378e-002, 12845823, -1, 6.3806042480468750e+002,
    5.5013049316406250e+002, 3.4101185798645020e+000,
    1.3026235961914062e+002, 1.9370548427104950e-002, 12977151, -1,
    6.4800390625000000e+002, 5.6259478759765625e+002,
    4.1579842567443848e+000, 1.7651358032226562e+002,
    2.5619260966777802e-002, 10617088, -1, 3.5766983032226562e+002,
    6.2972119140625000e+002, 2.9749429225921631e+000,
    7.8917663574218750e+001, 3.0589405447244644e-002, 3081215, -1,
    6.6074530029296875e+002, 5.8732104492187500e+002,
    3.1720855236053467e+000, 1.3819853210449219e+002,
    2.2774539887905121e-002, 7734271, -1, 4.0126351928710937e+002,
    6.2463562011718750e+002, 3.3917984962463379e+000,
    3.1024279785156250e+002, 1.7721667885780334e-002, 12583935, -1,
    4.0891076660156250e+002, 6.2956848144531250e+002,
    3.1471853256225586e+000, 2.8994049072265625e+002,
    2.0252831280231476e-002, 7144447, -1, 3.9797195434570312e+002,
    6.4461810302734375e+002, 2.4570019245147705e+000,
    2.9030120849609375e+002, 2.1781200543045998e-002, 5964543, -1,
    3.9721166992187500e+002, 6.5584906005859375e+002,
    2.8025245666503906e+000, 3.0486203002929687e+002,
    1.8973993137478828e-002, 15467263, -1, 3.6930792236328125e+002,
    6.7422149658203125e+002, 2.9899697303771973e+000,
    3.2288970947265625e+002, 2.6694584637880325e-002, 3474431, -1,
    3.6958978271484375e+002, 6.8993035888671875e+002,
    2.4278161525726318e+000, 1.1990385437011719e+002,
    3.1992346048355103e-002, 5112575, -1, 4.2038616943359375e+002,
    6.8445605468750000e+002, 2.5459401607513428e+000,
    3.2558294677734375e+002, 2.6527727022767067e-002, 8520447, -1,
    3.6142651367187500e+002, 7.7446118164062500e+002,
    3.4123089313507080e+000, 2.7304052734375000e+002,
    1.7253452911973000e-002, 12977151, -1, 3.3444039916992187e+002,
    8.1060089111328125e+002, 3.0184767246246338e+000,
    9.0122802734375000e+001, 2.0079975947737694e-002, 4129791, -1,
    3.3230102539062500e+002, 8.2281201171875000e+002,
    3.3689236640930176e+000, 1.0836851501464844e+002,
    2.6705846190452576e-002, 12059647, -1, 2.3281986999511719e+002,
    8.3384844970703125e+002, 3.6518733501434326e+000,
    8.9167663574218750e+001, 2.2167012095451355e-002, 1179904, -1,
    1.7237770080566406e+002, 8.8050994873046875e+002,
    2.8077561855316162e+000, 7.9108489990234375e+001,
    1.4331461861729622e-002, 15598335, -1, 1.3603497314453125e+002,
    9.2444921875000000e+002, 2.1274993419647217e+000,
    5.2100860595703125e+001, 2.0577812567353249e-002, 12255743, -1,
    7.7271987915039063e+001, 9.7890997314453125e+002,
    3.4327132701873779e+000, 2.0696134948730469e+002,
    1.4209788292646408e-002, 13435903, -1, 1.3828942871093750e+002,
    1.0131070556640625e+003, 3.2936921119689941e+000,
    2.5025732421875000e+002, 1.5056918375194073e-002, 10421247, -1,
    1.5491822814941406e+002, 1.0264468994140625e+003,
    3.5407676696777344e+000, 3.1873071289062500e+002,
    2.0649429410696030e-002, 15664127, -1, 8.1602270507812500e+002,
    2.7887637329101562e+002, 4.6866788864135742e+000,
    1.7751106262207031e+002, 1.6307139769196510e-002, 2556416, -1,
    8.0819329833984375e+002, 2.8288003540039062e+002,
    3.8284287452697754e+000, 1.7563381958007812e+002,
    2.1339191123843193e-002, 4587776, -1, 8.1330834960937500e+002,
    2.9506210327148437e+002, 3.7557308673858643e+000,
    2.7026660156250000e+002, 1.8522260710597038e-002, 3211520, -1,
    8.1777905273437500e+002, 2.9525314331054687e+002,
    3.9059696197509766e+000, 2.6304284667968750e+002,
    1.8137993291020393e-002, 6095104, -1, 2.2162666320800781e+002,
    4.3275192260742187e+002, 4.1182312965393066e+000,
    1.0018127441406250e+002, 3.1562894582748413e-002, 9896192, -1,
    4.2357009887695312e+002, 4.8893908691406250e+002,
    4.3508410453796387e+000, 2.6330078125000000e+002,
    3.7611395120620728e-002, 13893888, -1, 5.1630688476562500e+002,
    5.5689898681640625e+002, 3.7072598934173584e+000,
    2.9422515869140625e+002, 1.8810072913765907e-002, 2294016, -1,
    4.1869201660156250e+002, 6.5329876708984375e+002,
    3.3550746440887451e+000, 3.1296600341796875e+002,
    1.4621444977819920e-002, 11797503, -1, 7.0042285156250000e+002,
    6.2236517333984375e+002, 4.1247534751892090e+000,
    3.5269653320312500e+002, 2.0949456840753555e-002, 10027264, -1,
    4.3344232177734375e+002, 6.6931030273437500e+002,
    3.3947713375091553e+000, 3.1972070312500000e+002,
    2.1434750407934189e-002, 12649471, -1, 3.2326797485351562e+002,
    7.5077911376953125e+002, 3.9641900062561035e+000,
    3.0927774047851562e+002, 1.5926588326692581e-002, 7143680, -1,
    2.6830413818359375e+002, 7.9313604736328125e+002,
    4.0089964866638184e+000, 6.1551940917968750e+001,
    2.0473616197705269e-002, 7930112, -1, 2.1788044738769531e+002,
    8.7140454101562500e+002, 4.5014009475708008e+000,
    8.4655731201171875e+001, 2.5451445952057838e-002, 16318720, -1,
    2.2182937622070312e+002, 9.0110571289062500e+002,
    3.7886493206024170e+000, 1.9712573242187500e+002,
    2.7130998671054840e-002, 3866880, -1, 1.1164840698242187e+002,
    9.1512847900390625e+002, 4.1124186515808105e+000,
    6.2403167724609375e+001, 3.2296769320964813e-002, 9765120, -1,
    1.9199978637695312e+002, 9.5383294677734375e+002,
