%YAML:1.0
Homography_Matrix_0: !!opencv-matrix
   rows: 3
   cols: 3
   dt: d
   data: [ 1.5169650549079070e+000, 1.2344293251875333e+000,
       1.4333090200217197e+002, -1.0653907582610340e+000,
       1.6540563152939354e+000, -1.0139234599249386e+002,
       -7.6835643531881340e-005, 1.9319108980563355e-004, 1. ]
Template_Image_Key_Points_0: [ 3.4868457031250000e+002,
    6.5021771240234375e+002, 4.3436498641967773e+000,
    2.5340734863281250e+002, 2.6726854965090752e-002, 13762816, -1,
    3.7314147949218750e+002, 7.1607470703125000e+002,
    3.8091309070587158e+000, 3.0210305786132812e+002,
    3.0936783179640770e-002, 4260096, -1, 4.4092822265625000e+002,
    6.9655615234375000e+002, 3.5239856243133545e+000,
    3.2911593627929687e+002, 1.5646651387214661e-002, 15336447, -1,
    4.0795468139648437e+002, 7.4635662841796875e+002,
    3.4329698085784912e+000, 2.8547076416015625e+002,
    2.3753624409437180e-002, 13435903, -1, 5.5486083984375000e+002,
    6.6240325927734375e+002, 4.3530592918395996e+000,
    8.0817993164062500e+001, 3.1171502545475960e-002, 13893888, -1,
    5.6234167480468750e+002, 6.5957189941406250e+002,
    3.3297412395477295e+000, 7.9934570312500000e+001,
    3.7682849913835526e-002, 11207679, -1, 4.3934362792968750e+002,
    7.4922851562500000e+002, 3.9532744884490967e+000,
    1.3192932128906250e+002, 2.5138387456536293e-002, 6947072, -1,
    5.5949432373046875e+002, 6.8169982910156250e+002,
    3.8730781078338623e+000, 2.2043383789062500e+002,
    4.6018917113542557e-002, 5439744, -1, 4.8384371948242187e+002,
    7.3450695800781250e+002, 3.4409482479095459e+000,
    2.9689486694335937e+002, 2.7617909014225006e-002, 13632511, -1,
    5.4956024169921875e+002, 6.9802764892578125e+002,
    4.0212264060974121e+000, 3.0853271484375000e+000,
    2.0720198750495911e-002, 8192256, -1, 5.5638476562500000e+002,
    7.1272814941406250e+002, 3.9043679237365723e+000,
    1.7171029663085937e+002, 2.6806764304637909e-002, 6029568, -1,
    6.2050494384765625e+002, 6.7800079345703125e+002,
    3.5338866710662842e+000, 1.3796984863281250e+002,
    3.5264644771814346e-002, 15533055, -1, 6.4407757568359375e+002,
    7.4025646972656250e+002, 3.3202610015869141e+000,
    1.1065995788574219e+002, 2.3178387433290482e-002, 11011071, -1,
    7.4197998046875000e+002, 7.1680523681640625e+002,
    3.8795287609100342e+000, 2.2841827392578125e+001,
    1.5583712607622147e-002, 5570816, -1, 5.4547052001953125e+002,
    8.4965252685546875e+002, 3.6997623443603516e+000,
    3.3524230957031250e+002, 3.9215110242366791e-002, 2162944, -1,
    7.0394158935546875e+002, 8.0894250488281250e+002,
    2.9372363090515137e+000, 2.5953717041015625e+002,
    2.4485871195793152e-002, 2163711, -1, 6.9552087402343750e+002,
    8.1892095947265625e+002, 3.9332408905029297e+000,
    1.9053474426269531e+002, 2.3015923798084259e-002, 6553856, -1,
    7.2026910400390625e+002, 8.0952502441406250e+002,
    3.3465511798858643e+000, 6.9330474853515625e+001,
    2.0535117015242577e-002, 11600895, -1, 2.6787918090820312e+002,
    4.8623190307617187e+002, 4.6806325912475586e+000,
    1.7717506408691406e+002, 4.2278729379177094e-002, 2425344, -1,
    2.6787918090820312e+002, 4.8623190307617187e+002,
    4.6806325912475586e+000, 1.7083740234375000e-001,
    4.2278729379177094e-002, 2425344, -1, 3.0444128417968750e+002,
    4.8603317260742187e+002, 5.1969733238220215e+000,
    1.7239547729492187e+002, 2.5001900270581245e-002, 10027520, -1,
    4.5191082763671875e+002, 5.6068725585937500e+002,
    5.2019095420837402e+000, 7.2849243164062500e+001,
    3.1591251492500305e-002, 10093056, -1, 3.9365414428710937e+002,
    6.2315905761718750e+002, 4.4445004463195801e+000,
    8.4617431640625000e+001, 2.7483526617288589e-002, 15401216, -1,
    4.0869320678710937e+002, 6.5992236328125000e+002,
    4.7501525878906250e+000, 1.5327725219726562e+002,
    2.1821552887558937e-002, 3473920, -1, 4.0373162841796875e+002,
    6.6504626464843750e+002, 4.8781633377075195e+000,
    1.0980934143066406e+002, 2.5623844936490059e-002, 5440000, -1,
    4.4003878784179687e+002, 6.6470550537109375e+002,
    3.9449079036712646e+000, 1.4258047485351562e+002,
    1.9654963165521622e-002, 6750464, -1, 4.0679873657226562e+002,
    6.8878936767578125e+002, 4.2226734161376953e+000,
    1.2840942382812500e+002, 2.4737494066357613e-002, 11731200, -1,
    4.2676855468750000e+002, 6.8441271972656250e+002,
    4.0864028930664062e+000, 3.2461370849609375e+002,
    2.0129939541220665e-002, 9306368, -1, 3.7236108398437500e+002,
    7.2148651123046875e+002, 4.0296292304992676e+000,
    8.0559417724609375e+001, 1.4927680604159832e-002, 8323328, -1,
    3.7887002563476562e+002, 7.2735858154296875e+002,
    5.1314244270324707e+000, 1.2861351013183594e+002,
    1.9615050405263901e-002, 9110016, -1, 4.8441201782226562e+002,
    6.8248840332031250e+002, 4.6716418266296387e+000,
    1.3896179199218750e+002, 1.6561372205615044e-002, 2294272, -1,
    4.7943692016601562e+002, 6.8682464599609375e+002,
    4.8603610992431641e+000, 3.1393243408203125e+002,
    2.9727734625339508e-002, 5177856, -1, 4.7943692016601562e+002,
    6.8682464599609375e+002, 4.8603610992431641e+000,
    1.3675804138183594e+002, 2.9727734625339508e-002, 5177856, -1,
    4.7117373657226562e+002, 6.9808728027343750e+002,
    4.6174044609069824e+000, 1.3912727355957031e+002,
    1.6125647351145744e-002, 1442304, -1, 5.5628656005859375e+002,
    6.7031414794921875e+002, 5.3883814811706543e+000,
    4.8103820800781250e+001, 3.3511195331811905e-002, 12648960, -1,
    5.5479718017578125e+002, 6.7730670166015625e+002,
    3.8724763393402100e+000, 1.6833312988281250e+001,
    3.4810159355401993e-002, 5439744, -1, 5.6714202880859375e+002,
    6.8032373046875000e+002, 5.1632261276245117e+000,
    2.2374475097656250e+002, 3.0796749517321587e-002, 9568768, -1,
    5.8215216064453125e+002, 7.4284411621093750e+002,
    2.9397723674774170e+000, 1.0836366271972656e+002,
    1.5857324004173279e-002, 2229247, -1, 6.1143432617187500e+002,
    7.6632220458984375e+002, 4.9435443878173828e+000,
    2.8771191406250000e+002, 4.1056808084249496e-002, 6423040, -1,
    6.5396661376953125e+002, 7.4395709228515625e+002,
    4.6481933593750000e+000, 1.6756591796875000e+002,
    3.2879199832677841e-002, 1966592, -1, 7.2160534667968750e+002,
    7.5014959716796875e+002, 4.2929010391235352e+000,
    1.7296188354492187e+002, 2.3161366581916809e-002, 12910848, -1,
    7.5397119140625000e+002, 7.3651715087890625e+002,
    4.2325019836425781e+000, 7.6342437744140625e+001,
    1.5668975189328194e-002, 11862272, -1, 7.4921032714843750e+002,
    8.0600140380859375e+002, 4.3793392181396484e+000,
    1.6878334045410156e+002, 1.4229199849069118e-002, 14352640, -1,
    6.7243426513671875e+002, 8.5599273681640625e+002,
    4.7629642486572266e+000, 1.2724916076660156e+002,
    1.6831602901220322e-002, 3670528, -1, 7.1185522460937500e+002,
    8.4013690185546875e+002, 4.1978626251220703e+000,
    1.0072821044921875e+002, 4.5144777745008469e-002, 11272448, -1,
    7.1592218017578125e+002, 8.4747198486328125e+002,
    5.5255475044250488e+000, 1.8785949707031250e+001,
    3.3004444092512131e-002, 14418432, -1, 2.4616357421875000e+002,
    4.7193884277343750e+002, 6.8711905479431152e+000,
    1.8361357116699219e+002, 4.8903953284025192e-002, 13501184, -1,
    3.5253286743164062e+002, 4.4505923461914062e+002,
    6.8397455215454102e+000, 3.3084890747070312e+002,
    5.7543389499187469e-002, 13173504, -1, 3.4247360229492187e+002,
    6.4528723144531250e+002, 6.8124108314514160e+000,
    2.6112030029296875e+002, 3.1802169978618622e-002, 12845824, -1,
    3.5510571289062500e+002, 6.5723822021484375e+002,
    6.2762784957885742e+000, 2.6002023315429687e+002,
    2.6942161843180656e-002, 6947584, -1, 3.8475219726562500e+002,
    6.4320471191406250e+002, 4.9605298042297363e+000,
    1.6561456298828125e+002, 1.9143123179674149e-002, 6619648, -1,
    4.1965075683593750e+002, 6.3792889404296875e+002,
