%YAML:1.0
Homography_Matrix_0: !!opencv-matrix
   rows: 3
   cols: 3
   dt: d
   data: [ 1.1604206873727350e+000, 1.4756114503878905e+000,
       2.0043401700656386e+002, -1.4205000911533674e+000,
       1.1771575508520356e+000, -1.5453130890268303e+001,
       -5.4722256721575067e-007, 1.6728150973935352e-005, 1. ]
Template_Image_Key_Points_0: [ 1.0192288208007812e+002,
    2.0411318969726562e+002, 5.5564341545104980e+000,
    3.5335693359375000e+002, 1.4731774106621742e-002, 14877184, -1,
    2.2270237731933594e+002, 8.3750488281250000e+002,
    3.2936131954193115e+000, 6.8002990722656250e+001,
    1.7534693703055382e-002, 10421247, -1, 2.4446517944335937e+002,
    8.4875201416015625e+002, 4.2744250297546387e+000,
    2.4381677246093750e+002, 2.8433244675397873e-002, 12583168, -1,
    2.2182937622070312e+002, 9.0110571289062500e+002,
    3.7886493206024170e+000, 1.9712573242187500e+002,
    2.7130998671054840e-002, 3866880, -1, 3.7314147949218750e+002,
    7.1607470703125000e+002, 3.8091309070587158e+000,
    3.0210305786132812e+002, 3.0936783179640770e-002, 4260096, -1,
    5.1630688476562500e+002, 5.5689898681640625e+002,
    3.7072598934173584e+000, 2.9422515869140625e+002,
    1.8810072913765907e-002, 2294016, -1, 4.4003878784179687e+002,
    6.6470550537109375e+002, 3.9449079036712646e+000,
    1.4258047485351562e+002, 1.9654963165521622e-002, 6750464, -1,
    4.1307232666015625e+002, 7.0787249755859375e+002,
    4.7929973602294922e+000, 1.1359899902343750e+002,
    1.8875928595662117e-002, 4129280, -1, 5.5004187011718750e+002,
    5.6617175292968750e+002, 4.2207641601562500e+000,
    3.0750897216796875e+002, 2.1770972758531570e-002, 11665664, -1,
    3.7428979492187500e+002, 8.0315515136718750e+002,
    4.0324606895446777e+000, 2.9293777465820312e+002,
    1.7695229500532150e-002, 8388864, -1, 3.5159497070312500e+002,
    8.3906036376953125e+002, 4.0233058929443359e+000,
    1.1012864685058594e+002, 2.7172125875949860e-002, 8192256, -1,
    8.1777905273437500e+002, 2.9525314331054687e+002,
    3.9059696197509766e+000, 2.6304284667968750e+002,
    1.8137993291020393e-002, 6095104, -1, 3.8083612060546875e+002,
    8.5600390625000000e+002, 3.7489242553710937e+000,
    9.0360534667968750e+001, 2.0136518403887749e-002, 3080448, -1,
    5.5486083984375000e+002, 6.6240325927734375e+002,
    4.3530592918395996e+000, 8.0817993164062500e+001,
    3.1171502545475960e-002, 13893888, -1, 5.6234167480468750e+002,
    6.5957189941406250e+002, 3.3297412395477295e+000,
    7.9934570312500000e+001, 3.7682849913835526e-002, 11207679, -1,
    5.9434997558593750e+002, 6.3470373535156250e+002,
    4.0528430938720703e+000, 3.0352984619140625e+002,
    4.0110658854246140e-002, 8716544, -1, 5.5949432373046875e+002,
    6.8169982910156250e+002, 3.8730781078338623e+000,
    2.2043383789062500e+002, 4.6018917113542557e-002, 5439744, -1,
    5.7317553710937500e+002, 6.7451129150390625e+002,
    4.6837973594665527e+000, 2.3320529174804687e+002,
    3.3484701067209244e-002, 2490880, -1, 8.3525170898437500e+002,
    3.5442379760742187e+002, 3.9668452739715576e+000,
    3.1715200805664062e+002, 2.1709170192480087e-002, 7209216, -1,
    6.0037011718750000e+002, 6.7257214355468750e+002,
    3.3332786560058594e+000, 2.9207659912109375e+002,
    3.9154462516307831e-002, 11338751, -1, 4.2639355468750000e+002,
    9.1087518310546875e+002, 3.8816406726837158e+000,
    2.6270187377929687e+002, 1.9106082618236542e-002, 5636352, -1,
    7.0053039550781250e+002, 6.0494982910156250e+002,
    3.8321011066436768e+000, 1.5905767822265625e+002,
    2.4148831143975258e-002, 4653312, -1, 7.1077301025390625e+002,
    6.3016308593750000e+002, 4.1765303611755371e+000,
    1.8267736816406250e+002, 1.3904884457588196e-002, 10879232, -1,
    6.4407757568359375e+002, 7.4025646972656250e+002,
    3.3202610015869141e+000, 1.1065995788574219e+002,
    2.3178387433290482e-002, 11011071, -1, 5.2027020263671875e+002,
    9.7822595214843750e+002, 4.2278523445129395e+000,
    3.3634185791015625e+001, 3.1874906271696091e-002, 11796736, -1,
    7.4197998046875000e+002, 7.1680523681640625e+002,
    3.8795287609100342e+000, 2.2841827392578125e+001,
    1.5583712607622147e-002, 5570816, -1, 7.0206689453125000e+002,
    8.1962231445312500e+002, 4.0125370025634766e+000,
    1.8988478088378906e+002, 2.8868665918707848e-002, 7995648, -1,
    7.1185522460937500e+002, 8.4013690185546875e+002,
    4.1978626251220703e+000, 1.0072821044921875e+002,
    4.5144777745008469e-002, 11272448, -1, 2.9961828613281250e+002,
    2.6599386596679687e+002, 5.0935893058776855e+000,
    3.1287689208984375e+001, 2.4034645408391953e-002, 8585728, -1,
    2.3237547302246094e+002, 4.3341760253906250e+002,
    5.4858450889587402e+000, 8.5736145019531250e+001,
    2.9816282913088799e-002, 13894144, -1, 5.6408917236328125e+002,
    7.7355049133300781e+001, 5.5204782485961914e+000,
    2.7413598632812500e+002, 2.3255622014403343e-002, 14352896, -1,
    5.6408917236328125e+002, 7.7355049133300781e+001,
    5.5204782485961914e+000, 3.1642761230468750e+001,
    2.3255622014403343e-002, 14352896, -1, 2.6787918090820312e+002,
    4.8623190307617187e+002, 4.6806325912475586e+000,
    1.7717506408691406e+002, 4.2278729379177094e-002, 2425344, -1,
    2.6787918090820312e+002, 4.8623190307617187e+002,
    4.6806325912475586e+000, 1.7083740234375000e-001,
    4.2278729379177094e-002, 2425344, -1, 3.7246392822265625e+002,
    4.8718862915039062e+002, 4.9212975502014160e+000,
    2.2138337707519531e+002, 3.4450463950634003e-002, 6095360, -1,
    3.7246392822265625e+002, 4.8718862915039062e+002,
    4.9212975502014160e+000, 3.1727520751953125e+002,
    3.4450463950634003e-002, 6095360, -1, 3.9052658081054687e+002,
    4.9697277832031250e+002, 5.9323554039001465e+000,
    2.7118215942382812e+002, 2.3052761331200600e-002, 2884352, -1,
    1.1160198211669922e+002, 9.3023406982421875e+002,
    5.4755105972290039e+000, 2.3948782348632812e+002,
    3.7771463394165039e-002, 13763072, -1, 1.7063453674316406e+002,
    8.8725769042968750e+002, 6.2726330757141113e+000,
    2.1510142517089844e+002, 2.3096177726984024e-002, 6882048, -1,
    1.9074151611328125e+002, 8.6658959960937500e+002,
    5.7197856903076172e+000, 2.2087855529785156e+002,
    4.3929159641265869e-002, 197376, -1, 1.9074151611328125e+002,
    8.6658959960937500e+002, 5.7197856903076172e+000,
    4.4119903564453125e+001, 4.3929159641265869e-002, 197376, -1,
    3.9365414428710937e+002, 6.2315905761718750e+002,
    4.4445004463195801e+000, 8.4617431640625000e+001,
    2.7483526617288589e-002, 15401216, -1, 2.3186299133300781e+002,
    8.4852685546875000e+002, 5.6053824424743652e+000,
    2.4847262573242187e+002, 3.3583723008632660e-002, 15467008, -1,
    4.1965075683593750e+002, 6.3792889404296875e+002,
    5.3119807243347168e+000, 1.3143775939941406e+002,
    1.4958001673221588e-002, 11600384, -1, 4.0373162841796875e+002,
    6.6504626464843750e+002, 4.8781633377075195e+000,
    1.0980934143066406e+002, 2.5623844936490059e-002, 5440000, -1,
    4.0869320678710937e+002, 6.5992236328125000e+002,
    4.7501525878906250e+000, 1.5327725219726562e+002,
    2.1821552887558937e-002, 3473920, -1, 2.2753782653808594e+002,
    9.0286907958984375e+002, 4.9303236007690430e+000,
    1.9342535400390625e+002, 2.6793636381626129e-002, 6226432, -1,
    3.7236108398437500e+002, 7.2148651123046875e+002,
    4.0296292304992676e+000, 8.0559417724609375e+001,
    1.4927680604159832e-002, 8323328, -1, 3.7887002563476562e+002,
    7.2735858154296875e+002, 5.1314244270324707e+000,
    1.2861351013183594e+002, 1.9615050405263901e-002, 9110016, -1,
    5.3585229492187500e+002, 5.4593463134765625e+002,
    5.2985596656799316e+000, 2.6725842285156250e+002,
    1.4298732392489910e-002, 11403776, -1, 2.9299874877929687e+002,
    8.6923565673828125e+002, 5.0272316932678223e+000,
    1.9796301269531250e+002, 2.5847595185041428e-002, 7602688, -1,
    3.2519143676757812e+002, 8.3470928955078125e+002,
